0.282714,0.282714,0.282714,0.282714,0.282714,0.282714,0.282714,0.282714,0.282714,0.282714,0.282714,0.282714,0.282714,0.282714,0.282714,0.282714,0.282714,0.282714,0.282714,0.282714,0.282714,0.282714,0.282714,0.282714
0.282714,0.282714,0.282714,0.282714,0.282714,0.282714,0.282714,0.282714,0.282714,0.282714,0.282714,0.282714,0.282714,0.282714,0.282714,0.282714,0.282714,0.282714,0.282714,0.282714,0.282714,0.282714,0.282714,0.282714
0.282714,0.282714,0.282714,0.282714,0.282714,0.282714,0.282714,0.282714,0.282714,0.282714,0.282714,0.282714,0.282714,0.282714,0.282714,0.282714,0.282714,0.282714,0.282714,0.282714,0.282714,0.282714,0.282714,0.282714
0.282714,0.282714,0.388005,0.631448,0.845860,0.869624,0.286279,0.000000,0.000000,0.000000,0.004017,0.130439,0.282714,0.282714,0.282714,0.282714,0.282714,0.282714,0.282714,0.282714,0.282714,0.282714,0.282714,0.282714
0.282714,0.282714,0.658882,1.320449,1.901895,1.632318,0.066154,0.000000,0.000000,0.000000,0.000000,0.000000,0.082889,0.082889,0.082889,0.082889,0.047792,0.000000,0.000000,0.000000,0.000000,0.062762,0.282714,0.282714
0.282714,0.282714,0.792885,1.903932,2.377778,1.673951,0.000000,0.000000,0.000000,0.000000,0.000000,0.000000,0.000000,0.000000,0.000000,0.000000,0.000000,0.000000,0.000000,0.000000,0.000000,0.000000,0.282714,0.282714
0.282714,0.282714,0.961264,2.177825,2.357864,1.163712,0.000000,0.000000,0.000000,0.000000,0.000000,0.000000,0.000000,0.000000,0.000000,0.000000,0.043100,0.000000,0.000000,0.000000,0.000000,0.000000,0.282714,0.282714
0.282714,0.282714,1.057258,2.307626,1.980513,0.712312,0.000000,0.000000,0.000000,0.000000,0.000000,0.000000,0.000000,0.000000,0.000000,0.000000,0.707114,0.198860,0.000000,0.000000,0.000000,0.000000,0.282714,0.282714
0.282714,0.282714,0.999790,1.624921,1.241279,0.358829,0.000000,0.000000,0.000000,0.000000,0.000000,0.000000,0.000000,0.000000,0.000000,0.367438,1.454359,0.000000,0.000000,0.000000,0.000000,0.000000,0.282714,0.282714
0.282714,0.282714,0.461119,0.671847,0.511032,0.324159,0.280221,0.457574,0.672207,0.289575,0.000000,0.000000,0.000000,0.000000,0.206981,1.962000,2.733463,0.000000,0.000000,0.000000,0.000000,0.000000,0.282714,0.282714
0.282714,0.282714,0.282714,0.282714,0.282714,0.282714,0.282714,0.327981,0.480170,0.376634,0.328840,0.312646,0.300943,0.798953,1.967442,3.900321,2.967653,0.000000,0.000000,0.000000,0.000000,0.000000,0.282714,0.282714
0.282714,0.282714,0.282714,0.282714,0.282714,0.282714,0.282714,0.282714,0.282714,0.282714,0.282714,0.282714,0.518187,1.511742,3.484492,4.349207,0.811899,0.000000,0.000000,0.000000,0.000000,0.234859,0.282714,0.282714
0.282714,0.282714,0.282714,0.282714,0.282714,0.282714,0.282714,0.282714,0.282714,0.282714,0.282714,0.293995,0.824818,2.436333,4.386508,3.187604,0.000000,0.000000,0.000000,0.000000,0.000000,0.282714,0.282714,0.282714
0.282714,0.282714,0.282714,0.282714,0.282714,0.282714,0.282714,0.282714,0.282714,0.282714,0.282714,0.451140,1.412210,3.584798,4.323998,0.691626,0.000000,0.000000,0.000000,0.000000,0.165735,0.282714,0.282714,0.282714
0.282714,0.282714,0.282714,0.282714,0.282714,0.282714,0.282714,0.282714,0.282714,0.282714,0.376724,0.866447,2.453988,4.374183,2.841478,0.000000,0.000000,0.000000,0.000000,0.104854,0.282714,0.282714,0.282714,0.282714
0.282714,0.282714,0.282714,0.282714,0.282714,0.282714,0.282714,0.282714,0.282714,0.306530,0.673568,1.667287,3.595294,3.999443,0.000000,0.000000,0.000000,0.000000,0.000000,0.269421,0.282714,0.282714,0.282714,0.282714
0.282714,0.282714,0.282714,0.282714,0.282714,0.282714,0.282714,0.282714,0.286475,0.563484,1.338444,2.930696,4.101110,1.767942,0.000000,0.000000,0.000000,0.000000,0.128514,0.282714,0.282714,0.282714,0.282714,0.282714
0.282714,0.282714,0.282714,0.282714,0.282714,0.282714,0.282714,0.282714,0.333842,0.935379,2.399510,4.026660,3.338990,0.000000,0.000000,0.000000,0.000000,0.000000,0.282714,0.282714,0.282714,0.282714,0.282714,0.282714
0.282714,0.282714,0.282714,0.282714,0.282714,0.282714,0.282714,0.321572,0.656879,1.783927,3.615219,3.993694,0.430101,0.000000,0.000000,0.000000,0.000000,0.131173,0.282714,0.282714,0.282714,0.282714,0.282714,0.282714
0.282714,0.282714,0.282714,0.282714,0.282714,0.282714,0.282714,0.485554,1.200496,2.996718,4.445077,2.105001,0.000000,0.000000,0.000000,0.000000,0.000000,0.282714,0.282714,0.282714,0.282714,0.282714,0.282714,0.282714
0.282714,0.282714,0.282714,0.282714,0.282714,0.282714,0.359176,0.887708,2.221408,4.345682,3.845522,0.000000,0.000000,0.000000,0.000000,0.000000,0.189662,0.282714,0.282714,0.282714,0.282714,0.282714,0.282714,0.282714
0.282714,0.282714,0.282714,0.282714,0.282714,0.282714,0.505476,1.516425,3.433828,4.872439,2.093896,0.000000,0.000000,0.000000,0.000000,0.075395,0.282714,0.282714,0.282714,0.282714,0.282714,0.282714,0.282714,0.282714
0.282714,0.282714,0.282714,0.282714,0.282714,0.282714,0.697010,2.310161,4.531878,4.322314,0.000000,0.000000,0.000000,0.000000,0.000000,0.280056,0.282714,0.282714,0.282714,0.282714,0.282714,0.282714,0.282714,0.282714
0.282714,0.282714,0.282714,0.282714,0.282714,0.282714,0.779617,2.623345,4.110247,2.743967,0.000000,0.000000,0.000000,0.000000,0.000000,0.282714,0.282714,0.282714,0.282714,0.282714,0.282714,0.282714,0.282714,0.282714
